S
1.1
2.2
3.3
4.4
5.5
6.6
7.7
8.8
9.9
10.10
11.11
12.12
1.22
1.23
1.34
1.45
1.56
1.67
1.78
1.89
1.90
1.10
1.11
1.12
0.0
-3.5
2.5
4.1
0.0
-3.5
2.5
4.1
0.0
-3.5
2.5
4.1
1.1
2.2
3.3
4.4
5.5
6.6
7.7
8.8
9.9
10.10
11.11
12.12
1.1
2.2
3.3
4.4
5.5
6.6
7.7
8.8
9.9
10.10
11.11
12.12
1.1
2.2
3.3
4.4
5.5
6.6
7.7
8.8
9.9
10.10
11.11
12.12
1.1
2.2
3.3
4.4
5.5
6.6
7.7
8.8
9.9
10.10
11.11
12.12
1.1
2.2
3.3
4.4
5.5
6.6
7.7
8.8
9.9
10.10
11.11
12.12
1.1
2.2
3.3
4.4
5.5
6.6
7.7
8.8
9.9
10.10
11.11
12.12
1.1
2.2
3.3
4.4
5.5
6.6
7.7
8.8
9.9
10.10
11.11
12.12
1.1
2.2
3.3
4.4
5.5
6.6
7.7
8.8
9.9
10.10
11.11
12.12
1.1
2.2
3.3
4.4
5.5
6.6
7.7
8.8
9.9
10.10
11.11
12.12